1 13 169 961 31.0
2 31 961 169 13.0
3 113 12769 96721 311.0
4 311 96721 12769 113.0
5 1021 1042441 1442401 1201.0
6 1031 1062961 1692601 1301.0
7 1103 1216609 9066121 3011.0
8 1201 1442401 1042441 1021.0
9 1301 1692601 1062961 1031.0
10 3011 9066121 1216609 1103.0
11 11003 121066009 900660121 30011.0
12 30011 900660121 121066009 11003.0
13 110221 12148668841 14886684121 122011.0
14 111211 12367886521 12568876321 112111.0
15 112111 12568876321 12367886521 111211.0
16 122011 14886684121 12148668841 110221.0
17 1000211 1000422044521 1254402240001 1120001.0
18 1001003 1002007006009 9006007002001 3001001.0
19 1010201 1020506060401 1040606050201 1020101.0
20 1020101 1040606050201 1020506060401 1010201.0
21 1100311 1210684296721 1276924860121 1130011.0
22 1101103 1212427816609 9066187242121 3011011.0
23 1101211 1212665666521 1256665662121 1121011.0
24 1102111 1214648656321 1236568464121 1112011.0
25 1111021 1234367662441 1442667634321 1201111.0
26 1112011 1236568464121 1214648656321 1102111.0
27 1120001 1254402240001 1000422044521 1000211.0
28 1121011 1256665662121 1212665666521 1101211.0
29 1130011 1276924860121 1210684296721 1100311.0
30 1201111 1442667634321 1234367662441 1111021.0
31 3001001 9006007002001 1002007006009 1001003.0
32 3011011 9066187242121 1212427816609 1101103.0
33 10002121 100042424498641 146894424240001 12120001.0
34 10011101 100222143232201 102232341222001 10111001.0
35 10012001 100240164024001 100420461042001 10021001.0
36 10020121 100402824854641 146458428204001 12102001.0
37 10021001 100420461042001 100240164024001 10012001.0
38 10100113 102012282612769 967216282210201 31100101.0
39 10100201 102014060240401 104042060410201 10200101.0
40 10111001 102232341222001 100222143232201 10011101.0
41 10200101 104042060410201 102014060240401 10100201.0
42 11000113 121002486012769 967210684200121 31100011.0
43 11012011 121264386264121 121462683462121 11021011.0
44 11021011 121462683462121 121264386264121 11012011.0
45 11100121 123212686214641 146412686212321 12100111.0
46 12100111 146412686212321 123212686214641 11100121.0
47 12102001 146458428204001 100402824854641 10020121.0
48 12120001 146894424240001 100042424498641 10002121.0
49 31100011 967210684200121 121002486012769 11000113.0
50 31100101 967216282210201 102012282612769 10100113.0
